
42.0,82.0,27.0,33.0,6.0,27.0,0.49,61.0,1.0
87.0,199.0,64.0,72.0,12.0,41.0,0.83,53.0,2.0
69.0,132.0,50.0,57.0,8.0,57.0,0.73,36.0,2.0
33.0,42.0,18.0,21.0,5.0,58.0,0.57,25.0,1.0
45.0,101.0,30.0,26.0,5.0,49.0,0.73,26.0,1.0
40.0,78.0,26.0,27.0,5.0,43.0,0.56,40.0,1.0
40.0,60.0,27.0,32.0,5.0,49.0,0.59,37.0,1.0
74.0,196.0,53.0,57.0,7.0,39.0,0.78,59.0,2.0
36.0,74.0,23.0,27.0,5.0,42.0,0.58,40.0,1.0
26.0,38.0,16.0,18.0,5.0,46.0,0.53,28.0,1.0
28.0,43.0,15.0,16.0,5.0,54.0,0.61,20.0,1.0
56.0,113.0,39.0,42.0,7.0,51.0,1.14,13.0,2.0
102.0,188.0,76.0,62.0,7.0,55.0,1.13,28.0,3.0
98.0,169.0,73.0,78.0,6.0,66.0,0.92,45.0,2.0
140.0,299.0,105.0,86.0,8.0,50.0,1.16,68.0,3.0
52.0,114.0,29.0,57.0,7.0,41.0,0.59,45.0,2.0
99.0,282.0,73.0,114.0,12.0,79.0,1.08,22.0,2.0
110.0,246.0,83.0,103.0,10.0,74.0,0.99,41.0,3.0
101.0,229.0,75.0,91.0,10.0,77.0,1.07,28.0,3.0
132.0,301.0,96.0,76.0,11.0,50.0,0.97,44.0,3.0
61.0,138.0,43.0,63.0,11.0,66.0,0.73,37.0,2.0
110.0,283.0,82.0,102.0,14.0,84.0,1.05,29.0,3.0
124.0,304.0,93.0,110.0,15.0,103.0,1.17,36.0,3.0
132.0,270.0,99.0,106.0,13.0,93.0,1.15,43.0,3.0
49.0,51.0,32.0,44.0,8.0,56.0,0.61,50.0,1.0
35.0,13.0,14.0,34.0,5.0,22.0,0.43,62.0,1.0
38.0,13.0,17.0,36.0,6.0,43.0,0.48,48.0,1.0
71.0,159.0,51.0,53.0,8.0,63.0,0.82,28.0,2.0
75.0,158.0,45.0,74.0,6.0,52.0,0.73,45.0,2.0
49.0,70.0,24.0,52.0,6.0,60.0,0.58,29.0,1.0
40.0,66.0,12.0,22.0,4.0,20.0,0.5,69.0,1.0
80.0,218.0,57.0,69.0,5.0,29.0,0.82,59.0,2.0
77.0,160.0,53.0,59.0,6.0,28.0,0.77,71.0,2.0
89.0,203.0,65.0,60.0,8.0,34.0,1.27,36.0,2.0
132.0,289.0,84.0,136.0,7.0,27.0,1.01,59.0,3.0
61.0,66.0,18.0,70.0,5.0,22.0,0.45,69.0,2.0
64.0,142.0,42.0,56.0,6.0,29.0,0.76,51.0,2.0
46.0,127.0,25.0,35.0,5.0,14.0,0.57,70.0,1.0
35.0,92.0,10.0,23.0,4.0,14.0,0.39,66.0,1.0
36.0,84.0,10.0,18.0,4.0,12.0,0.43,70.0,1.0
33.0,80.0,15.0,25.0,5.0,16.0,0.48,64.0,1.0
41.0,103.0,25.0,29.0,6.0,23.0,0.61,63.0,1.0
37.0,65.0,22.0,26.0,5.0,31.0,0.58,60.0,1.0
45.0,136.0,21.0,34.0,4.0,21.0,0.59,83.0,1.0
47.0,145.0,24.0,38.0,4.0,25.0,0.64,77.0,1.0
30.0,54.0,14.0,16.0,4.0,32.0,0.52,59.0,1.0
58.0,201.0,39.0,56.0,5.0,20.0,0.66,72.0,2.0
45.0,135.0,26.0,37.0,6.0,21.0,0.58,78.0,1.0
30.0,70.0,15.0,14.0,4.0,37.0,0.48,54.0,1.0
43.0,92.0,29.0,20.0,5.0,51.0,0.84,21.0,1.0
64.0,130.0,45.0,16.0,4.0,42.0,0.79,41.0,2.0
75.0,173.0,54.0,56.0,4.0,34.0,0.78,77.0,2.0
64.0,151.0,46.0,29.0,4.0,39.0,0.81,63.0,2.0
160.0,300.0,120.0,41.0,8.0,60.0,1.21,58.0,4.0
142.0,278.0,107.0,53.0,9.0,73.0,1.26,72.0,3.0
107.0,251.0,80.0,62.0,6.0,78.0,1.18,50.0,3.0
62.0,133.0,39.0,32.0,5.0,42.0,0.68,77.0,2.0
42.0,66.0,26.0,38.0,5.0,47.0,0.64,61.0,1.0
46.0,85.0,31.0,39.0,6.0,43.0,0.6,57.0,1.0
119.0,266.0,88.0,70.0,7.0,63.0,0.89,69.0,3.0
71.0,185.0,51.0,34.0,6.0,50.0,0.74,77.0,2.0
99.0,247.0,73.0,82.0,8.0,62.0,0.94,52.0,2.0
125.0,288.0,94.0,85.0,9.0,54.0,0.96,67.0,3.0
112.0,265.0,84.0,29.0,6.0,54.0,0.82,81.0,3.0
96.0,272.0,71.0,62.0,6.0,47.0,0.92,97.0,2.0
106.0,335.0,73.0,59.0,6.0,30.0,0.8,99.0,3.0
42.0,69.0,18.0,41.0,4.0,40.0,0.47,74.0,1.0
48.0,102.0,30.0,29.0,5.0,75.0,0.74,28.0,1.0
70.0,199.0,50.0,35.0,5.0,53.0,0.83,35.0,2.0
97.0,331.0,67.0,101.0,8.0,68.0,0.94,51.0,2.0
116.0,362.0,79.0,122.0,9.0,57.0,0.88,72.0,3.0
60.0,152.0,20.0,69.0,5.0,38.0,0.54,69.0,2.0
39.0,24.0,18.0,35.0,4.0,44.0,0.56,68.0,1.0
66.0,268.0,46.0,57.0,8.0,53.0,0.74,64.0,2.0
67.0,223.0,37.0,74.0,8.0,54.0,0.69,85.0,2.0
107.0,336.0,80.0,95.0,12.0,63.0,0.93,92.0,3.0
57.0,120.0,34.0,29.0,5.0,41.0,0.61,81.0,2.0
61.0,135.0,35.0,38.0,5.0,50.0,0.62,68.0,2.0
57.0,146.0,29.0,48.0,6.0,42.0,0.78,87.0,2.0
77.0,271.0,55.0,37.0,5.0,36.0,0.93,66.0,2.0
42.0,115.0,16.0,34.0,4.0,20.0,0.49,84.0,1.0
49.0,193.0,25.0,40.0,7.0,35.0,0.66,84.0,1.0
58.0,164.0,35.0,53.0,6.0,35.0,0.61,96.0,2.0
76.0,255.0,55.0,49.0,6.0,58.0,0.74,72.0,2.0
86.0,284.0,62.0,55.0,8.0,66.0,0.85,61.0,2.0
66.0,179.0,47.0,47.0,7.0,63.0,0.82,67.0,2.0
88.0,289.0,64.0,40.0,6.0,75.0,1.01,39.0,2.0
67.0,214.0,45.0,56.0,5.0,49.0,0.68,72.0,2.0
84.0,290.0,59.0,74.0,8.0,51.0,0.8,66.0,2.0
52.0,141.0,14.0,50.0,5.0,24.0,0.52,90.0,2.0
55.0,170.0,24.0,56.0,6.0,43.0,0.6,90.0,2.0
59.0,201.0,29.0,61.0,7.0,46.0,0.7,95.0,2.0
70.0,241.0,49.0,66.0,8.0,63.0,0.79,57.0,2.0
57.0,161.0,38.0,35.0,5.0,36.0,0.64,84.0,2.0
90.0,277.0,65.0,48.0,8.0,48.0,0.86,96.0,2.0
93.0,286.0,61.0,53.0,8.0,48.0,0.84,107.0,2.0
115.0,333.0,81.0,87.0,11.0,55.0,1.01,115.0,3.0
107.0,309.0,78.0,56.0,8.0,53.0,0.96,100.0,3.0
57.0,273.0,35.0,32.0,5.0,27.0,0.81,81.0,2.0
39.0,58.0,20.0,23.0,4.0,29.0,0.67,73.0,1.0
47.0,145.0,24.0,36.0,5.0,41.0,0.64,85.0,1.0
82.0,277.0,53.0,62.0,7.0,61.0,0.8,82.0,2.0
57.0,175.0,26.0,37.0,5.0,33.0,0.54,104.0,2.0
64.0,250.0,44.0,53.0,6.0,42.0,0.74,75.0,2.0
66.0,215.0,34.0,45.0,5.0,41.0,0.65,95.0,2.0
53.0,118.0,18.0,49.0,5.0,35.0,0.54,96.0,2.0
64.0,180.0,44.0,46.0,5.0,41.0,0.62,92.0,2.0
82.0,242.0,45.0,56.0,6.0,42.0,0.71,122.0,2.0
61.0,170.0,43.0,50.0,5.0,45.0,0.62,65.0,2.0
37.0,31.0,18.0,30.0,4.0,28.0,0.51,69.0,1.0
38.0,33.0,25.0,32.0,4.0,37.0,0.57,45.0,1.0
29.0,14.0,18.0,14.0,4.0,41.0,0.57,33.0,1.0
63.0,218.0,45.0,39.0,5.0,53.0,0.99,48.0,2.0
128.0,343.0,96.0,12.0,7.0,76.0,1.29,35.0,3.0
53.0,177.0,37.0,32.0,5.0,46.0,0.73,56.0,2.0
44.0,71.0,24.0,38.0,4.0,32.0,0.61,73.0,1.0
51.0,152.0,15.0,33.0,5.0,27.0,0.48,99.0,2.0
51.0,161.0,30.0,32.0,4.0,43.0,0.64,62.0,2.0
50.0,192.0,35.0,12.0,4.0,54.0,0.65,35.0,1.0
39.0,79.0,23.0,26.0,4.0,39.0,0.62,62.0,1.0
92.0,335.0,59.0,88.0,8.0,51.0,0.97,74.0,2.0
74.0,286.0,32.0,94.0,7.0,57.0,0.69,70.0,2.0
66.0,171.0,28.0,73.0,6.0,61.0,0.64,74.0,2.0
70.0,197.0,33.0,66.0,7.0,54.0,0.63,99.0,2.0
77.0,251.0,39.0,55.0,6.0,26.0,0.63,125.0,2.0
56.0,210.0,22.0,43.0,6.0,21.0,0.46,100.0,2.0
55.0,197.0,12.0,47.0,5.0,25.0,0.41,97.0,2.0
55.0,185.0,16.0,43.0,5.0,29.0,0.44,103.0,2.0
81.0,295.0,34.0,56.0,8.0,41.0,0.61,125.0,2.0
76.0,236.0,36.0,53.0,7.0,34.0,0.55,128.0,2.0
92.0,284.0,40.0,60.0,8.0,40.0,0.62,134.0,2.0
76.0,166.0,34.0,53.0,6.0,32.0,0.58,116.0,2.0
50.0,67.0,24.0,35.0,7.0,32.0,0.57,88.0,1.0
50.0,85.0,21.0,28.0,5.0,25.0,0.57,89.0,1.0
32.0,22.0,20.0,22.0,5.0,27.0,0.56,58.0,1.0
60.0,191.0,43.0,34.0,5.0,39.0,0.71,48.0,2.0
34.0,29.0,22.0,22.0,5.0,35.0,0.63,45.0,1.0
55.0,207.0,38.0,29.0,6.0,39.0,0.79,48.0,2.0
77.0,288.0,56.0,60.0,6.0,43.0,0.74,55.0,2.0
66.0,242.0,29.0,67.0,6.0,35.0,0.52,77.0,2.0
83.0,317.0,30.0,81.0,8.0,51.0,0.55,109.0,2.0
102.0,339.0,42.0,84.0,9.0,46.0,0.68,147.0,3.0
134.0,355.0,61.0,100.0,11.0,53.0,0.78,178.0,3.0
92.0,275.0,35.0,68.0,7.0,39.0,0.58,136.0,2.0
55.0,148.0,23.0,50.0,4.0,16.0,0.51,100.0,2.0
42.0,133.0,20.0,30.0,4.0,16.0,0.57,76.0,1.0
50.0,220.0,27.0,35.0,4.0,20.0,0.7,75.0,1.0
51.0,196.0,11.0,28.0,4.0,24.0,0.46,94.0,2.0
52.0,172.0,24.0,50.0,6.0,71.0,0.65,60.0,2.0
53.0,177.0,23.0,44.0,5.0,46.0,0.56,92.0,2.0
85.0,333.0,61.0,33.0,5.0,42.0,0.88,83.0,2.0
57.0,167.0,34.0,22.0,4.0,31.0,0.6,99.0,2.0
61.0,174.0,19.0,24.0,4.0,24.0,0.53,111.0,2.0
61.0,189.0,30.0,30.0,4.0,22.0,0.58,111.0,2.0
69.0,223.0,32.0,40.0,4.0,29.0,0.6,120.0,2.0
73.0,283.0,44.0,41.0,4.0,22.0,0.58,115.0,2.0
41.0,122.0,21.0,34.0,4.0,21.0,0.55,73.0,1.0
50.0,153.0,17.0,24.0,5.0,21.0,0.52,97.0,1.0
61.0,238.0,25.0,29.0,4.0,19.0,0.46,113.0,2.0
64.0,259.0,26.0,31.0,4.0,16.0,0.45,115.0,2.0
62.0,233.0,41.0,45.0,4.0,28.0,0.61,93.0,2.0
56.0,232.0,31.0,31.0,4.0,16.0,0.46,107.0,2.0
43.0,203.0,22.0,43.0,5.0,25.0,0.4,91.0,1.0
88.0,350.0,53.0,63.0,9.0,41.0,0.66,138.0,2.0
54.0,277.0,32.0,39.0,8.0,31.0,0.48,108.0,2.0
30.0,127.0,18.0,17.0,4.0,34.0,0.58,62.0,1.0
43.0,242.0,28.0,19.0,5.0,31.0,0.59,70.0,1.0
31.0,162.0,21.0,21.0,5.0,27.0,0.47,65.0,1.0
41.0,123.0,13.0,22.0,4.0,19.0,0.41,77.0,1.0
29.0,39.0,17.0,22.0,4.0,33.0,0.49,45.0,1.0
56.0,216.0,33.0,24.0,4.0,31.0,0.52,73.0,2.0
81.0,340.0,41.0,36.0,5.0,31.0,0.57,103.0,2.0
59.0,281.0,40.0,42.0,4.0,41.0,0.83,57.0,2.0
45.0,173.0,21.0,9.0,3.0,38.0,0.75,65.0,1.0
38.0,87.0,16.0,14.0,3.0,31.0,0.52,72.0,1.0
39.0,87.0,17.0,23.0,4.0,30.0,0.46,80.0,1.0
53.0,170.0,22.0,29.0,4.0,22.0,0.45,100.0,2.0
55.0,196.0,36.0,38.0,4.0,29.0,0.5,92.0,2.0
54.0,190.0,36.0,31.0,4.0,28.0,0.47,86.0,2.0
64.0,281.0,36.0,22.0,4.0,22.0,0.43,89.0,2.0
71.0,333.0,31.0,37.0,4.0,28.0,0.62,117.0,2.0
41.0,206.0,28.0,25.0,4.0,34.0,0.5,54.0,1.0
27.0,74.0,8.0,10.0,4.0,29.0,0.44,86.0,1.0
45.0,215.0,30.0,29.0,5.0,35.0,0.53,92.0,1.0
35.0,126.0,21.0,27.0,5.0,24.0,0.41,89.0,1.0
26.0,60.0,17.0,23.0,4.0,23.0,0.44,66.0,1.0
31.0,100.0,20.0,28.0,4.0,21.0,0.36,43.0,1.0
21.0,28.0,10.0,21.0,4.0,19.0,0.31,22.0,1.0
17.0,19.0,9.0,17.0,4.0,20.0,0.34,31.0,1.0
33.0,126.0,22.0,31.0,5.0,32.0,0.57,55.0,1.0
57.0,273.0,37.0,39.0,5.0,32.0,0.54,92.0,2.0
46.0,220.0,31.0,40.0,4.0,23.0,0.53,93.0,1.0
47.0,265.0,23.0,37.0,5.0,26.0,0.54,104.0,1.0
48.0,263.0,31.0,45.0,5.0,40.0,0.69,87.0,1.0
53.0,291.0,37.0,54.0,5.0,46.0,0.75,78.0,2.0
65.0,318.0,46.0,59.0,5.0,45.0,0.78,104.0,2.0
26.0,36.0,16.0,24.0,5.0,17.0,0.42,43.0,1.0
38.0,111.0,24.0,35.0,4.0,17.0,0.44,58.0,1.0
26.0,25.0,11.0,25.0,4.0,15.0,0.4,18.0,1.0
26.0,43.0,10.0,25.0,4.0,10.0,0.42,18.0,1.0
24.0,51.0,10.0,20.0,3.0,5.0,0.47,48.0,1.0
28.0,101.0,7.0,15.0,3.0,14.0,0.47,52.0,1.0
45.0,174.0,24.0,40.0,6.0,34.0,0.66,99.0,1.0
51.0,196.0,35.0,49.0,5.0,29.0,0.69,105.0,2.0
46.0,167.0,32.0,41.0,5.0,27.0,0.61,91.0,1.0
32.0,87.0,21.0,29.0,5.0,26.0,0.51,61.0,1.0
22.0,26.0,11.0,22.0,4.0,18.0,0.4,28.0,1.0
33.0,112.0,16.0,32.0,5.0,22.0,0.49,70.0,1.0
46.0,268.0,27.0,43.0,6.0,39.0,0.63,76.0,1.0
30.0,107.0,18.0,20.0,5.0,31.0,0.65,72.0,1.0
30.0,103.0,13.0,14.0,4.0,28.0,0.56,88.0,1.0
21.0,45.0,8.0,9.0,4.0,32.0,0.52,61.0,1.0
28.0,93.0,15.0,20.0,5.0,52.0,0.63,23.0,1.0
46.0,212.0,32.0,28.0,6.0,52.0,0.76,21.0,1.0
20.0,19.0,12.0,17.0,5.0,34.0,0.52,13.0,1.0
14.0,6.0,7.0,14.0,5.0,23.0,0.5,14.0,1.0
35.0,90.0,19.0,34.0,6.0,32.0,0.64,75.0,1.0
50.0,157.0,34.0,42.0,6.0,34.0,0.71,100.0,1.0
39.0,137.0,24.0,33.0,6.0,35.0,0.63,59.0,1.0
59.0,277.0,34.0,52.0,7.0,47.0,0.81,94.0,2.0
47.0,262.0,32.0,35.0,6.0,27.0,0.63,86.0,1.0
29.0,94.0,17.0,26.0,5.0,30.0,0.61,84.0,1.0
29.0,97.0,15.0,25.0,5.0,24.0,0.54,81.0,1.0
29.0,112.0,14.0,28.0,6.0,25.0,0.51,69.0,1.0
30.0,100.0,13.0,25.0,5.0,20.0,0.71,92.0,1.0
36.0,138.0,14.0,31.0,6.0,23.0,0.58,110.0,1.0
42.0,158.0,21.0,40.0,6.0,23.0,0.65,110.0,1.0
37.0,139.0,14.0,36.0,6.0,21.0,0.58,105.0,1.0
33.0,101.0,10.0,33.0,5.0,19.0,0.58,81.0,1.0
35.0,79.0,13.0,33.0,7.0,23.0,0.59,98.0,1.0
30.0,59.0,10.0,19.0,5.0,17.0,0.5,92.0,1.0
29.0,28.0,10.0,21.0,5.0,20.0,0.57,85.0,1.0
43.0,90.0,20.0,43.0,7.0,37.0,0.68,69.0,1.0
63.0,230.0,35.0,61.0,9.0,62.0,0.87,89.0,2.0
70.0,251.0,47.0,56.0,8.0,55.0,0.85,100.0,2.0
37.0,33.0,23.0,32.0,6.0,36.0,0.6,96.0,1.0
39.0,44.0,24.0,35.0,7.0,40.0,0.58,78.0,1.0
52.0,94.0,36.0,44.0,6.0,37.0,0.57,67.0,2.0
44.0,65.0,30.0,37.0,6.0,33.0,0.51,75.0,1.0
43.0,57.0,29.0,39.0,5.0,28.0,0.52,72.0,1.0
19.0,15.0,12.0,14.0,5.0,17.0,0.44,26.0,1.0
18.0,8.0,9.0,17.0,6.0,19.0,0.54,35.0,1.0
29.0,45.0,17.0,28.0,7.0,37.0,0.68,35.0,1.0
51.0,215.0,35.0,33.0,7.0,28.0,0.58,72.0,2.0
42.0,254.0,27.0,35.0,5.0,21.0,0.56,88.0,1.0
30.0,108.0,9.0,29.0,6.0,23.0,0.4,80.0,1.0
56.0,284.0,33.0,51.0,7.0,42.0,0.68,50.0,2.0
78.0,353.0,57.0,53.0,9.0,48.0,1.05,39.0,2.0
66.0,309.0,44.0,49.0,8.0,47.0,0.75,51.0,2.0
36.0,93.0,14.0,36.0,9.0,36.0,0.46,81.0,1.0
55.0,212.0,38.0,48.0,10.0,45.0,0.65,59.0,2.0
44.0,133.0,29.0,42.0,7.0,28.0,0.58,98.0,1.0
36.0,90.0,20.0,35.0,7.0,29.0,0.49,90.0,1.0
35.0,122.0,18.0,34.0,6.0,28.0,0.48,76.0,1.0
28.0,64.0,9.0,28.0,6.0,22.0,0.4,73.0,1.0
36.0,112.0,16.0,36.0,6.0,38.0,0.46,61.0,1.0
37.0,87.0,20.0,37.0,7.0,39.0,0.58,68.0,1.0
33.0,62.0,17.0,31.0,7.0,38.0,0.5,78.0,1.0
49.0,107.0,34.0,43.0,7.0,46.0,0.61,89.0,1.0
62.0,142.0,43.0,48.0,7.0,55.0,0.73,94.0,2.0
50.0,100.0,35.0,37.0,7.0,45.0,0.59,95.0,1.0
44.0,90.0,30.0,41.0,7.0,58.0,0.58,73.0,1.0
52.0,148.0,36.0,45.0,7.0,44.0,0.56,92.0,2.0
41.0,113.0,27.0,37.0,7.0,43.0,0.55,78.0,1.0
64.0,284.0,46.0,63.0,8.0,51.0,0.68,79.0,2.0
37.0,129.0,21.0,35.0,6.0,29.0,0.5,62.0,1.0
37.0,95.0,20.0,39.0,7.0,51.0,0.53,44.0,1.0
81.0,234.0,59.0,63.0,8.0,75.0,0.9,38.0,2.0
150.0,335.0,73.0,202.0,12.0,71.0,1.04,52.0,3.0
131.0,299.0,46.0,212.0,9.0,79.0,0.81,58.0,3.0
130.0,326.0,51.0,209.0,9.0,68.0,0.74,94.0,3.0
130.0,326.0,51.0,209.0,9.0,68.0,0.74,94.0,3.0
80.0,218.0,41.0,109.0,9.0,68.0,0.66,77.0,2.0
104.0,303.0,71.0,146.0,9.0,62.0,0.89,115.0,3.0
47.0,112.0,30.0,49.0,8.0,35.0,0.59,94.0,1.0
50.0,89.0,31.0,50.0,7.0,33.0,0.75,88.0,1.0
31.0,40.0,15.0,29.0,7.0,34.0,0.51,77.0,1.0
30.0,46.0,14.0,26.0,7.0,45.0,0.54,66.0,1.0
47.0,114.0,32.0,42.0,7.0,42.0,0.71,83.0,1.0
29.0,26.0,13.0,29.0,6.0,27.0,0.45,78.0,1.0
30.0,20.0,12.0,25.0,7.0,42.0,0.48,66.0,1.0
54.0,83.0,37.0,59.0,8.0,57.0,0.69,75.0,2.0
77.0,230.0,44.0,103.0,11.0,75.0,0.89,43.0,2.0
63.0,166.0,26.0,77.0,7.0,60.0,0.62,46.0,2.0
83.0,322.0,55.0,77.0,9.0,56.0,0.92,57.0,2.0
68.0,280.0,20.0,85.0,7.0,38.0,0.6,54.0,2.0
55.0,110.0,20.0,61.0,8.0,49.0,0.59,64.0,2.0
47.0,78.0,23.0,50.0,9.0,48.0,0.54,68.0,1.0
52.0,99.0,29.0,59.0,9.0,50.0,0.66,56.0,2.0
94.0,295.0,50.0,117.0,6.0,37.0,0.75,41.0,2.0
95.0,284.0,33.0,140.0,9.0,36.0,0.6,47.0,2.0
65.0,176.0,23.0,80.0,7.0,48.0,0.58,43.0,2.0
35.0,34.0,13.0,34.0,6.0,53.0,0.53,36.0,1.0
49.0,92.0,25.0,50.0,9.0,63.0,0.58,22.0,1.0
40.0,69.0,21.0,37.0,6.0,58.0,0.54,20.0,1.0
51.0,176.0,36.0,38.0,6.0,45.0,0.72,38.0,2.0
31.0,121.0,13.0,30.0,5.0,26.0,0.42,50.0,1.0
29.0,44.0,16.0,27.0,5.0,42.0,0.48,36.0,1.0
25.0,42.0,16.0,19.0,5.0,38.0,0.5,42.0,1.0
33.0,107.0,16.0,30.0,5.0,28.0,0.51,50.0,1.0
32.0,45.0,17.0,31.0,5.0,41.0,0.53,38.0,1.0
32.0,40.0,15.0,26.0,5.0,59.0,0.52,26.0,1.0
39.0,97.0,26.0,21.0,5.0,43.0,0.84,26.0,1.0
90.0,312.0,66.0,60.0,11.0,58.0,1.13,31.0,2.0
110.0,334.0,82.0,84.0,14.0,92.0,1.09,30.0,3.0
143.0,359.0,108.0,102.0,15.0,115.0,1.36,19.0,3.0
78.0,246.0,57.0,56.0,11.0,66.0,0.69,42.0,2.0
25.0,18.0,13.0,22.0,5.0,30.0,0.38,63.0,1.0
55.0,96.0,36.0,45.0,9.0,61.0,0.57,48.0,2.0
97.0,225.0,72.0,75.0,12.0,95.0,0.98,35.0,2.0
115.0,253.0,87.0,81.0,11.0,101.0,0.91,38.0,3.0
97.0,212.0,72.0,74.0,11.0,107.0,0.92,39.0,2.0
144.0,327.0,109.0,112.0,13.0,99.0,1.34,37.0,3.0
50.0,67.0,34.0,44.0,8.0,58.0,0.75,38.0,1.0
49.0,52.0,30.0,54.0,8.0,70.0,0.73,40.0,1.0
79.0,180.0,58.0,71.0,9.0,68.0,0.91,40.0,2.0
31.0,19.0,17.0,30.0,6.0,42.0,0.49,49.0,1.0
47.0,71.0,33.0,47.0,6.0,57.0,0.69,42.0,1.0
100.0,316.0,74.0,62.0,7.0,61.0,1.21,9.0,2.0
47.0,164.0,31.0,32.0,5.0,34.0,0.68,41.0,1.0
38.0,88.0,27.0,30.0,6.0,42.0,0.58,34.0,1.0
56.0,176.0,40.0,40.0,7.0,52.0,0.73,32.0,2.0
44.0,112.0,30.0,26.0,6.0,51.0,0.63,37.0,1.0
26.0,42.0,16.0,17.0,5.0,42.0,0.57,45.0,1.0
45.0,86.0,31.0,29.0,6.0,51.0,0.69,40.0,1.0
49.0,111.0,34.0,35.0,6.0,43.0,0.68,49.0,1.0
39.0,62.0,26.0,31.0,6.0,65.0,0.66,24.0,1.0
46.0,126.0,32.0,25.0,5.0,46.0,0.95,25.0,1.0
93.0,272.0,69.0,67.0,9.0,64.0,0.98,29.0,2.0
101.0,275.0,75.0,68.0,9.0,68.0,0.96,36.0,3.0
56.0,88.0,40.0,44.0,7.0,63.0,0.62,24.0,2.0
104.0,283.0,78.0,61.0,9.0,51.0,0.87,44.0,3.0
32.0,36.0,18.0,32.0,6.0,27.0,0.4,51.0,1.0